0.05 0.2 -0.2978867715 1.357987538 0.4906 0.4931 -1.173749492 0.7382301141
0.05 0.2 0 4.307343441 0.4955 0.4882 0 5.172804122
0.05 0.2 36.12458125 0.3800142852 0.5154 0.5063 28.20906753 -0.1693107459
0.05 0.2 0 0.08848645025 0.5119 0.5002 0 -0.163603027
0.05 0.2 0.2845258793 0.1255087733 0.503 0.5051 0.2270450894 -0.2266376007
0.05 0.2 0 -0.2018781277 0.4941 0.491 0 -0.3580049394
0.05 0.2 0 -0.1150473929 0.5109 0.4948 0 0.007375671561
0.05 0.2 0 -0.1167804394 0.5007 0.4929 0 -0.06096349198
0.05 0.2 0 -0.0531555789 0.4961 0.4966 0 -0.1950410859
0.05 0.2 0 -0.3363883489 0.4915 0.4905 0 0.07777340296
0.05 0.2 0 -0.01219513976 0.4939 0.4943 0 -0.1098860632
0.05 0.2 0 -0.1584525345 0.5085 0.4968 0 -0.156566079
0.05 0.2 0 -0.2703009034 0.497 0.4936 0 -0.2780327424
0.05 0.2 0 0.102258837 0.5016 0.4977 0 -0.1721448392
0.05 0.2 1.758776663 -0.3633042095 0.5058 0.4879 1.222996353 -0.2392638397
0.05 0.2 0 -0.3563087276 0.4998 0.4896 0 -0.2327174946
0.05 0.2 0 -0.02777396821 0.5016 0.5043 0 0.1234751154
0.05 0.2 0 0.9395637072 0.4982 0.4895 0 1.714181344
0.05 0.2 0 0.7667613131 0.4922 0.4971 0 -0.3438466
0.05 0.2 0 -0.4225930186 0.4994 0.4867 0 -0.1154745793
0.05 0.2 0 -0.2870541161 0.4942 0.4975 0 -0.3650427193
0.05 0.2 0 -0.3381778035 0.4985 0.4938 0 -0.4027787839
0.05 0.2 0 -0.2939510586 0.4929 0.4879 0 -0.313257271
0.05 0.2 0 0.7153591948 0.4973 0.4959 0 0.1809630329
0.05 0.2 0 -0.1866978285 0.4902 0.49 0 -0.1257250415
0.05 0.2 31.2248576 9.673853946 0.4942 0.5016 28.90406022 6.816817286
0.05 0.2 -0.06246282153 -0.1852887392 0.4974 0.4944 0.1236401908 -0.1499346583
0.05 0.2 -1.494498051 -0.3296007434 0.478 0.4918 -1.193913865 -0.3957271937
0.05 0.2 0 0.0754726729 0.504 0.4968 0 -0.2142703455
0.05 0.2 0 -0.4450124998 0.5084 0.4919 0 -0.2768435412
0.05 0.2 0.0641718395 0.06929126014 0.4913 0.5042 0.7678402747 -0.02848396775
0.05 0.2 -0.8557975618 -0.5021143618 0.4845 0.4871 0.7115012129 -0.4029622603
0.05 0.2 0.1404974163 -0.5866939082 0.497 0.4866 0.1201179686 -0.2902236362
0.05 0.2 0 -0.05849739315 0.5038 0.496 0 -0.1084958856
0.05 0.2 0 -0.1500168762 0.4983 0.4967 0 -0.2055709234
0.05 0.2 0 -0.09811947795 0.5027 0.5006 0 -0.07883045598
0.05 0.2 0 0.05737695038 0.4926 0.5025 0 -0.1651846021
0.05 0.2 0 -0.2000066706 0.496 0.4888 0 -0.1977060493
0.05 0.2 0 -0.274339763 0.498 0.488 0 -0.2424262929
0.05 0.2 0 -0.4418764786 0.498 0.4943 0 -0.2716160746
0.05 0.2 0 -0.3289778085 0.5002 0.487 0 -0.2623318937
0.05 0.2 0 -0.1344943271 0.504 0.4957 0 -0.1597069441
0.05 0.2 0 -0.1876806304 0.5076 0.4966 0 -0.3168777945
0.05 0.2 0 -0.1385415286 0.499 0.4968 0 -0.09481948492
0.05 0.2 23.50166759 -0.02668792395 0.5004 0.4959 22.02450441 -0.07560040714
0.05 0.2 0 -0.4285520699 0.4954 0.4865 0 -0.4893606901
0.05 0.2 -0.7280854447 -0.4536250386 0.4846 0.4866 -0.8962851806 -0.3521433646
0.05 0.2 16.66579212 0.2958774193 0.5018 0.5107 15.21229274 0.1057959964
0.05 0.2 0 -0.5858521009 0.4954 0.4872 0 -0.1919452567
0.05 0.2 0 -0.5874748013 0.5029 0.4887 0 -0.4132898739
0.05 0.2 0 -0.5724103336 0.5066 0.4825 0 -0.3440691727
0.05 0.2 1.550896974 -0.1365480028 0.5012 0.4983 1.669686078 -0.1922222202
0.05 0.2 0 -0.5490242437 0.5052 0.4825 0 -0.4564274362
0.05 0.2 0 0.05983347301 0.4958 0.4965 0 -0.121925632
0.05 0.2 -0.1616442198 -0.2689847704 0.4952 0.4926 0.2767264004 -0.2946607128
0.05 0.2 0.117622391 -0.2230596433 0.5003 0.4959 0.1290012917 -0.1345837332
0.05 0.2 0 -0.2125085295 0.4947 0.4929 0 -0.2426931965
0.05 0.2 17.20237045 -0.2313974263 0.4893 0.4889 18.66533865 -0.3019821712
0.05 0.2 0 0.1706032591 0.5102 0.4989 0 0.02179719869
0.05 0.2 4.022672336 0.3955440193 0.4977 0.4839 4.090511421 0.6375541612
0.05 0.2 0 -0.2844896162 0.5011 0.4866 0 -0.2483658482
0.05 0.2 0 -0.3111683228 0.5018 0.4904 0 -0.1394313764
0.05 0.2 0.7140285366 -0.3445860073 0.4965 0.4919 0.9539656968 -0.2347483329
0.05 0.2 0 -0.01546605666 0.5027 0.4946 0 -0.1253482374
0.05 0.2 0 -0.1932456989 0.5037 0.4917 0 -0.311641848
0.05 0.2 -0.03322670508 -0.08125778331 0.4913 0.4967 1.158905052 -0.1476549311
0.05 0.2 13.86756297 -0.6409075246 0.4871 0.4813 20.84981146 -0.1824627468
0.05 0.2 0 -0.2420962859 0.5113 0.4928 0 -0.1279743875
0.05 0.2 0 0.0284903429 0.4977 0.4958 0 -0.1600509512
0.05 0.2 0 -0.2622648266 0.499 0.4868 0 -0.2016671213
0.05 0.2 0 -0.3210104631 0.4998 0.4912 0 -0.3425248853
0.05 0.2 0 -0.2206104346 0.5032 0.4913 0 -0.2346964362
0.05 0.2 -1.788080749 -0.8665196173 0.4753 0.4765 -1.361485605 -0.5157147099
0.05 0.2 0 -0.2949092614 0.5005 0.4923 0 -0.1850699167
0.05 0.2 0 -0.2888431007 0.5025 0.4953 0 -0.2872228408
0.05 0.2 0 -0.2707306584 0.5078 0.4943 0 -0.3200353438
0.05 0.2 0 -0.01214936379 0.5049 0.5021 0 -0.1178941881
0.05 0.2 17.17021975 -0.1296711948 0.486 0.4964 19.49104235 -0.06318848554
0.05 0.2 0 0.2288071569 0.5043 0.5022 0 -0.2283059993
0.05 0.2 0 0.04693212865 0.502 0.4964 0 -0.06468535884
0.05 0.2 0 -0.3645623694 0.5093 0.4848 0 -0.3139016303
0.05 0.2 0 -0.1524323291 0.4894 0.494 0 -0.2357520954
0.05 0.2 0 -0.05638657193 0.5025 0.5001 0 -0.0312151172
0.05 0.2 0 -0.215347001 0.4989 0.4901 0 -0.2781262471
0.05 0.2 0 -0.3413353624 0.4925 0.4833 0 -0.2798760532
0.05 0.2 27.73587719 2.557784228 0.4974 0.4975 23.99622369 1.954005748
0.05 0.2 0 -0.2114008927 0.4951 0.4906 0 -0.1028566538
0.05 0.2 0 -0.1067989163 0.4956 0.498 0 -0.2126502377
0.05 0.2 15.2105219 -0.4787229913 0.4901 0.485 22.34600531 -0.2025219415
0.05 0.2 -0.7028219874 -0.3663091232 0.4848 0.4898 -0.4757515741 -0.1620396818
0.05 0.2 0 -0.3783562725 0.4937 0.4873 0 -0.2365696423
0.05 0.2 0 0.0324867504 0.5019 0.4971 0 -0.03192758711
0.05 0.2 0 0.1278045694 0.5048 0.5 0 -0.239752709
0.05 0.2 0 9.377112228 0.4913 0.5031 0 5.750411799
0.05 0.2 0 -0.07892364967 0.4986 0.4971 0 -0.283846061
0.05 0.2 0 -0.4827081061 0.5032 0.4896 0 -0.3623931098
0.05 0.2 0.04942031451 -0.4566043784 0.5049 0.4853 0.005743437886 -0.2007004343
0.05 0.2 0 -0.2399447759 0.4919 0.4922 0 -0.1521464677
0.05 0.2 0 -0.2977271951 0.5036 0.4882 0 -0.3086073264
0.05 0.2 1.762542263 0.05923393745 0.4997 0.5012 1.095866001 -0.1581166617
0.05 0.8 0 -0.03446573841 0.4894 0.4938 0 -0.2299429428
0.05 0.8 0 -0.2373300259 0.5062 0.4897 0 -0.4104663915
0.05 0.8 0 -0.1409970099 0.4946 0.4934 0 -0.33214641
0.05 0.8 0 1.74450644 0.5093 0.4901 0 1.927868373
0.05 0.8 0 1.163175062 0.5026 0.4934 0 0.9810784003
0.05 0.8 0 -0.1335913154 0.4923 0.4921 0 -0.26097927
0.05 0.8 0 0.03573955495 0.5035 0.4979 0 -0.05711945943
0.05 0.8 0 0.08080625676 0.4991 0.4953 0 -0.08797790169
0.05 0.8 0 -0.04553252848 0.4934 0.4938 0 -0.108206927
0.05 0.8 0 -0.2397959535 0.5011 0.4876 0 -0.1247482087
0.05 0.8 0 0.129073633 0.4912 0.502 0 0.008522612208
0.05 0.8 0 -0.393140856 0.5 0.4926 0 -0.3089943822
0.05 0.8 0 0.04070947116 0.4996 0.4982 0 -0.2324506439
0.05 0.8 31.21929861 8.086437473 0.4925 0.4952 33.17868548 8.443639718
0.05 0.8 0 -0.1261080621 0.4943 0.4893 0 0.3378338058
0.05 0.8 0 1.26252613 0.4924 0.5015 0 0.130579354
0.05 0.8 0 0.05405391227 0.5016 0.4939 0 0.6353008948
0.05 0.8 0 -0.3859349268 0.5016 0.4852 0 -0.1286802207
0.05 0.8 -0.0503311927 -0.1246853977 0.5022 0.4941 -0.1046124838 -0.2147725078
0.05 0.8 0.05145100127 -0.03538496742 0.4912 0.5028 1.162313589 -0.04649663953
0.05 0.8 0 -0.1235849181 0.4955 0.4946 0 -0.2367641182
0.05 0.8 0 -0.3383148072 0.4963 0.4919 0 -0.3698966667
0.05 0.8 0 -0.1535485942 0.511 0.4971 0 -0.1782564328
0.05 0.8 0.02284654486 -0.2353546598 0.4949 0.496 0.9433806636 -0.1416614956
0.05 0.8 0.5099254767 0.1177947753 0.4982 0.4907 0.2288041991 0.3162281072
0.05 0.8 25.32653982 -0.3329362443 0.4934 0.49 27.01797342 -0.1650304823
0.05 0.8 0 -0.3520597821 0.5008 0.4944 0 -0.2707875196
0.05 0.8 0 1.054312051 0.4965 0.5009 0 -0.03982201692
0.05 0.8 -0.1496449603 2.147880644 0.4891 0.4994 0.0005307374728 1.084159211
0.05 0.8 0 0.7306772775 0.5025 0.4981 0 1.104510306
0.05 0.8 2.150554777 -0.1452122265 0.4973 0.4984 1.944328121 -0.1615617052
0.05 0.8 0 -0.5879850957 0.4913 0.4867 0 0.1644740083
0.05 0.8 0 -0.1686466493 0.4993 0.4984 0 -0.2739932389
0.05 0.8 0 -0.1296887659 0.4989 0.4935 0 -0.3709821435
0.05 0.8 0 -0.1800476888 0.5006 0.4942 0 -0.2384180589
0.05 0.8 0 -0.1429794074 0.494 0.5023 0 -0.08781203689
0.05 0.8 -0.541014044 -0.2625998859 0.4882 0.4848 0.1726173588 -0.2214517485
0.05 0.8 0 -0.4074971139 0.4966 0.49 0 -0.3064687503
0.05 0.8 0.08166582271 -0.4957067605 0.4965 0.4863 0.04344371505 -0.3519445568
0.05 0.8 0 -0.2512709711 0.496 0.4924 0 -0.2017153404
0.05 0.8 0.7234340531 -0.3413929461 0.498 0.4954 0.1577047526 -0.339791364
0.05 0.8 0 -0.2498258804 0.5035 0.497 0 -0.2761054852
0.05 0.8 0 -0.3769221144 0.5031 0.4858 0 -0.3285805922
0.05 0.8 0 0.02232666816 0.5047 0.4964 0 0.01224823084
0.05 0.8 0 -0.5192532997 0.4987 0.4847 0 -0.2541922961
0.05 0.8 0 -0.9963338106 0.5011 0.4819 0 -0.2227855707
0.05 0.8 0 -0.1639956456 0.5091 0.494 0 -0.1786538183
0.05 0.8 0 -0.006282841417 0.5058 0.5003 0 -0.03795681632
0.05 0.8 0 0.02979586994 0.5007 0.5005 0 -0.3306217902
0.05 0.8 0 -0.5165897679 0.504 0.486 0 -0.4590616688
0.05 0.8 16.0706615 -0.2704797638 0.4903 0.4949 18.21432622 -0.3843167599
0.05 0.8 0 -0.3631283651 0.5014 0.4874 0 -0.3495399374
0.05 0.8 0.05108018263 -0.3898878061 0.4931 0.4924 0.2227125858 -0.2045534509
0.05 0.8 0 0.1194038122 0.5047 0.4995 0 -0.173095593
0.05 0.8 0 -0.1164485416 0.5027 0.4986 0 -0.1523926529
0.05 0.8 1.430255564 1.861235799 0.4998 0.4908 1.058167827 2.314098351
0.05 0.8 0 -0.08436300636 0.4994 0.4948 0 -0.4419873782
0.05 0.8 0 -0.1583155396 0.5002 0.4948 0 -0.3079703353
0.05 0.8 0 0.1715173654 0.5066 0.5043 0 -0.05716811682
0.05 0.8 0.5499252665 -0.5396289761 0.5088 0.4888 0.3386200663 -0.4910687106
0.05 0.8 0.1208539248 -0.2650760248 0.4939 0.4899 0.3984480405 -0.0967862129
0.05 0.8 0 -0.6166098544 0.4985 0.4813 0 -0.3260645095
0.05 0.8 0 -0.581855705 0.496 0.4783 0 -0.1999613875
0.05 0.8 0 -0.359829726 0.5064 0.4909 0 -0.1856089816
0.05 0.8 0 0.1176679304 0.5052 0.5031 0 -0.0516631223
0.05 0.8 25.61630982 0.1266025438 0.4921 0.4914 22.3801355 -0.06318655075
0.05 0.8 1.82319051 0.04399779044 0.4978 0.4993 2.517877424 0.03932902557
0.05 0.8 0 0.04010643297 0.5114 0.4994 0 -0.1750412198
0.05 0.8 0 -0.2637337501 0.4925 0.4951 0 -0.2961401548
0.05 0.8 0 -0.3228983985 0.4974 0.4844 0 -0.1136870686
0.05 0.8 0 -0.7860058519 0.5058 0.4806 0 -0.5973808097
0.05 0.8 0 -0.1943372098 0.5048 0.4946 0 -0.2480124891
0.05 0.8 0 -0.3648415365 0.5028 0.4901 0 -0.4732786013
0.05 0.8 0 0.1553745994 0.4957 0.4982 0 -0.2471973812
0.05 0.8 0 -0.1718061428 0.5001 0.4963 0 -0.2156612357
0.05 0.8 0 -0.4215248123 0.501 0.4893 0 -0.056181503
0.05 0.8 0 0.3632913313 0.5043 0.5068 0 0.05176261735
0.05 0.8 0.7082128378 -0.1845269679 0.5041 0.4962 0.4741035515 -0.05669029437
0.05 0.8 0 -0.5857114862 0.4924 0.4884 0 -0.3676159211
0.05 0.8 -0.3885165858 -0.2555297173 0.4879 0.4903 -0.09165000621 -0.2743869263
0.05 0.8 0 -0.3203444259 0.5082 0.4916 0 -0.2243403911
0.05 0.8 0 -0.2842681182 0.4924 0.4962 0 -0.2366030413
0.05 0.8 0 -0.3332412179 0.4959 0.4928 0 -0.1255134498
0.05 0.8 0 -0.4212854806 0.5033 0.4873 0 -0.2493095504
0.05 0.8 0 -0.002805019232 0.4927 0.5026 0 -0.2604521902
0.05 0.8 0 -0.1481816811 0.4974 0.4927 0 -0.3527093017
0.05 0.8 25.7357457 1.69800258 0.4974 0.4939 25.47796959 2.075287755
0.05 0.8 0 0.8271414485 0.4956 0.4914 0 0.35582459
0.05 0.8 0 -0.1944856388 0.5032 0.4957 0 -0.1723110748
0.05 0.8 0 -0.06405995026 0.5023 0.501 0 -0.108046394
0.05 0.8 0 -0.3617624199 0.5013 0.4895 0 -0.3154784503
0.05 0.8 0 -0.07550819676 0.5003 0.4934 0 -0.1454908345
0.05 0.8 0 -0.2475797651 0.4949 0.4936 0 -0.2001047884
0.05 0.8 0 -0.2507361312 0.4964 0.4985 0 -0.2119191501
0.05 0.8 0 -0.02373277452 0.5093 0.4978 0 -0.3614557508
0.05 0.8 0 -0.2783773315 0.4904 0.4928 0 -0.3183746369
0.05 0.8 0 -0.2983999322 0.4949 0.496 0 -0.294696967
0.05 0.8 0 -0.1504464026 0.4997 0.4968 0 -0.2075223749
0.05 0.8 20.49897079 0.01810106108 0.4913 0.4953 17.29272307 -1.098678668
0.05 0.8 0 0.2981119604 0.5046 0.5058 0 -0.01058221081
0.5 0.2 -0.05450034842 -0.07207251377 0.4004 0.4292 -0.1557779231 -0.1526554475
0.5 0.2 -0.1693121684 -0.1203864393 0.3948 0.4103 -0.2120048699 -0.1608791644
0.5 0.2 -0.04506978981 -0.04940644464 0.4411 0.4434 -0.09237188682 -0.09411884266
0.5 0.2 -0.02711980082 -0.04017703686 0.4525 0.4322 -0.03182520106 -0.05345866227
0.5 0.2 -0.07303554364 -0.07023545617 0.4284 0.4291 -0.1137609479 -0.1101943762
0.5 0.2 -0.1187291276 -0.1326270755 0.4101 0.4088 -0.1579129159 -0.1626970025
0.5 0.2 -0.0488554824 -0.08897827767 0.4418 0.4277 -0.08373326045 -0.1185127834
0.5 0.2 -0.01613528988 -0.03448648197 0.4549 0.447 -0.028723643 -0.04632057113
0.5 0.2 0 -0.01370933239 0.4969 0.4016 0 -0.01629344281
0.5 0.2 -0.1295139366 -0.1180135258 0.4078 0.4089 -0.1908777445 -0.1699740076
0.5 0.2 0 -0.05458936878 0.4965 0.4382 0 -0.06853579343
0.5 0.2 0 -0.06031873731 0.5075 0.4369 0 -0.08285367236
0.5 0.2 -0.1168603367 -0.105232972 0.4084 0.4087 -0.1729667024 -0.1456134568
0.5 0.2 -0.01871383935 -0.02138845312 0.4613 0.4393 -0.01728640602 -0.0261381147
0.5 0.2 -0.0639129686 -0.01913764903 0.4245 0.4192 -0.07911597423 -0.02348751248
0.5 0.2 0.001679988103 -0.1106530972 0.4009 0.4072 -0.07140181587 -0.1651243174
0.5 0.2 0 -0.01219488386 0.4997 0.396 0 -0.01554666913
0.5 0.2 -0.120067093 -0.007921810335 0.4147 0.4394 -0.1387947723 -0.008918798963
0.5 0.2 -0.1719744548 -0.1284685587 0.3875 0.4044 -0.2416697996 -0.1728307444
0.5 0.2 0 -0.05840415667 0.4994 0.4121 0 -0.06411801721
0.5 0.2 -0.1272275648 -0.06981524022 0.4053 0.4236 -0.162632546 -0.1047773361
0.5 0.2 -0.1986901393 -0.1288814461 0.3786 0.4077 -0.2746607819 -0.1866667427
0.5 0.2 -0.06013707605 -0.1018281375 0.4327 0.4172 -0.09424794262 -0.1334284653
0.5 0.2 -0.01660223898 -0.02549690392 0.4587 0.4362 -0.02333587461 -0.03331063341
0.5 0.2 -0.09321525375 -0.007887647277 0.4203 0.4378 -0.1067624908 -0.009386102666
0.5 0.2 -0.07677254511 -0.06011707543 0.429 0.4323 -0.1181815251 -0.1129635653
0.5 0.2 -0.07843653866 -0.04335863992 0.4284 0.4301 -0.1251363905 -0.08721763872
0.5 0.2 -0.1952825209 -0.08250883308 0.3838 0.4264 -0.2762511204 -0.1164683042
0.5 0.2 -0.04996134582 -0.0616279947 0.4372 0.4351 -0.08767023544 -0.09626353373
0.5 0.2 -0.08466062123 -0.1062293291 0.3941 0.4155 -0.2075668975 -0.1533971077
0.5 0.2 0 -0.007275590598 0.5073 0.4457 0 -0.008426957219
0.5 0.2 -0.1094908615 -0.1121774531 0.4176 0.4084 -0.1420966554 -0.1428489854
0.5 0.2 -0.1519974658 -0.1097614269 0.3967 0.4142 -0.2051548082 -0.1379442525
0.5 0.2 -0.0007259937289 -0.00974761474 0.4824 0.4305 -0.0007076454127 -0.01119579741
0.5 0.2 0.001507183934 -0.05136109062 0.5043 0.4177 0.001622862585 -0.06665387581
0.5 0.2 0 -0.009970020312 0.5023 0.4232 0 -0.01011690055
0.5 0.2 0 -0.04812187398 0.4969 0.4409 0 -0.08000851922
0.5 0.2 -0.08076274563 -0.1058476462 0.4282 0.4125 -0.122202152 -0.1395680818
0.5 0.2 0 -0.03696558558 0.4993 0.4119 0 -0.04563576563
0.5 0.2 0 -0.08234841236 0.4922 0.4153 0 -0.1002606477
0.5 0.2 -0.09613376752 -0.09928305174 0.4197 0.4025 -0.1511024177 -0.1288978334
0.5 0.2 0 -0.008889893592 0.5073 0.424 0 -0.01001649277
0.5 0.2 0 -0.009088021107 0.5036 0.4267 0 -0.01140565785
0.5 0.2 0 -0.009612727889 0.4991 0.4253 0 -0.0125542962
0.5 0.2 -0.05623891098 -0.03649001156 0.4416 0.4358 -0.073556033 -0.04356399176
0.5 0.2 -0.1148711579 -0.1231036649 0.4139 0.4098 -0.1664383052 -0.1650711112
0.5 0.2 -0.1749762416 -0.1294984025 0.3941 0.4059 -0.234735896 -0.1558155941
0.5 0.2 0 -0.005055932309 0.497 0.459 0 -0.006454567101
0.5 0.2 -0.005625583772 -0.07044921375 0.4783 0.4252 -0.009064304373 -0.08339112344
0.5 0.2 -0.2424873535 -0.1638024245 0.3746 0.3943 -0.3853447824 -0.2726787101
0.5 0.2 -0.1539022612 -0.0599438786 0.3993 0.4159 -0.1846913239 -0.07025502539
0.5 0.2 -0.185609709 -0.09088741364 0.3874 0.4187 -0.2792175709 -0.1375648002
0.5 0.2 -0.2625772689 -0.1744130042 0.3678 0.3816 -0.4008651349 -0.2566369219
0.5 0.2 -0.1838676018 -0.1398921411 0.3882 0.4015 -0.2713034304 -0.2027705064
0.5 0.2 -0.09961140151 -0.09980263457 0.418 0.4238 -0.1375065977 -0.1286007558
0.5 0.2 -0.1311763297 -0.08292954582 0.4053 0.4251 -0.1463315026 -0.09710794047
0.5 0.2 -0.06518564266 -0.05152276127 0.4304 0.4272 -0.1209567982 -0.06750629049
0.5 0.2 -0.05093385536 -0.05696394958 0.4378 0.4348 -0.0879089727 -0.07140015995
0.5 0.2 0 -0.05429061542 0.5029 0.4377 0 -0.08010647679
0.5 0.2 -0.1326983997 -0.1097784947 0.4033 0.4117 -0.196211733 -0.1567178175
0.5 0.2 -0.1655215351 -0.1118806856 0.4016 0.4124 -0.2259767091 -0.1502453964
0.5 0.2 0 -0.007695191991 0.5013 0.4374 0 -0.007618763835
0.5 0.2 -0.09124401187 -0.07690261012 0.4237 0.4231 -0.1322166909 -0.09143677314
0.5 0.2 0 -0.01354337771 0.4965 0.4389 0 -0.01821515652
0.5 0.2 0 -0.08335184952 0.5056 0.4116 0 -0.1210953527
0.5 0.2 -0.06667585408 -0.05300475772 0.4284 0.425 -0.102912224 -0.06608547784
0.5 0.2 -0.194123453 -0.1532894169 0.3809 0.3916 -0.2582803852 -0.2005447429
0.5 0.2 -0.1157743369 -0.09255196623 0.4137 0.418 -0.1660278412 -0.1406582204
0.5 0.2 0 -0.03171128021 0.4976 0.421 0 -0.03692603301
0.5 0.2 -0.1512737571 -0.108096172 0.4015 0.417 -0.2096280923 -0.1478827547
0.5 0.2 -0.04312214472 -0.07574311661 0.4279 0.4296 -0.07189273305 -0.09483472769
0.5 0.2 0 -0.06494327492 0.501 0.4051 0 -0.08733043879
0.5 0.2 -0.176214503 -0.1109478706 0.3906 0.3962 -0.2802171383 -0.1462911644
0.5 0.2 -0.03255372244 -0.06308263576 0.4411 0.437 -0.03985976857 -0.08191702579
0.5 0.2 -0.09716396431 -0.07794360185 0.4136 0.4195 -0.1662174747 -0.1087717757
0.5 0.2 -0.1704025254 -0.09985699146 0.3987 0.411 -0.2524000529 -0.1495924982
0.5 0.2 -0.1948328811 -0.009612525469 0.38 0.4201 -0.224916416 -0.01090476384
0.5 0.2 -0.02122357252 -0.008564441459 0.4608 0.4297 -0.02000106372 -0.009668162059
0.5 0.2 -0.1655184976 -0.06795781616 0.3904 0.4243 -0.232103521 -0.09763494774
0.5 0.2 0 -0.0427410688 0.5034 0.4281 0 -0.05442714876
0.5 0.2 0 -0.05015872445 0.5111 0.4196 0 -0.0653830792
0.5 0.2 0 -0.08610343862 0.493 0.4197 0 -0.1208813339
0.5 0.2 -0.03173301648 -0.01867927277 0.4419 0.4189 -0.03761834487 -0.02078527441
0.5 0.2 -0.08080771505 -0.09648706408 0.4232 0.4206 -0.1087619838 -0.1123419941
0.5 0.2 -0.09138085261 -0.05269110959 0.4208 0.4187 -0.1454442818 -0.06824239682
0.5 0.2 -0.04654198713 -0.04335256143 0.4399 0.4456 -0.07706873869 -0.07412401344
0.5 0.2 -0.01355463379 -0.01243206808 0.4676 0.4075 -0.02289370064 -0.01578436779
0.5 0.2 -0.04228488696 -0.1000382125 0.4423 0.4064 -0.05732264323 -0.128026823
0.5 0.2 0.0004200047103 -0.1064388648 0.4158 0.4194 -0.02834168964 -0.1225161375
0.5 0.2 -0.1317399627 -0.03195971298 0.4034 0.4102 -0.171330712 -0.03695387787
0.5 0.2 -0.115560853 -0.05120795601 0.4088 0.4223 -0.1471482833 -0.05890834195
0.5 0.2 0 -0.006533010511 0.502 0.4451 0 -0.007998703286
0.5 0.2 0.0009991200392 -0.007886681359 0.4897 0.44 -0.00186528289 -0.01015364053
0.5 0.2 -0.1581983489 -0.09489044762 0.4059 0.4137 -0.2339168904 -0.15263114
0.5 0.2 -0.09216837729 -0.009694586797 0.42 0.4232 -0.1526218288 -0.01219894266
0.5 0.2 -0.1367610367 -0.08407017903 0.4055 0.4116 -0.1847157448 -0.1074037682
0.5 0.2 0 -0.08609500663 0.4996 0.4271 0 -0.1140701075
0.5 0.2 0 -0.008645485593 0.4895 0.4335 0 -0.01023168904
0.5 0.2 0 -0.009833807405 0.5005 0.4307 0 -0.01182927596
0.5 0.2 -0.163781897 -0.1108348265 0.3921 0.4149 -0.206268443 -0.1496786537
0.5 0.8 -0.04472847356 -0.1028069637 0.441 0.4154 -0.08731619113 -0.1528869553
0.5 0.8 -0.09760005107 -0.06939748951 0.4229 0.4023 -0.1446986017 -0.08711653162
0.5 0.8 0 -0.00964381961 0.5015 0.4274 0 -0.01220675368
0.5 0.8 -0.003116192604 -0.07226696701 0.4467 0.4298 -0.04212048217 -0.1161282683
0.5 0.8 0 -0.08045674552 0.492 0.4242 0 -0.1148905033
0.5 0.8 0.03014339015 -0.08646700522 0.4613 0.4152 0.002719702502 -0.110400858
0.5 0.8 0 -0.03807798761 0.5007 0.4395 0 -0.05167189949
0.5 0.8 0 -0.02578572655 0.5039 0.4315 0 -0.03131223982
0.5 0.8 0 -0.09186365642 0.4919 0.4199 0 -0.1099810297
0.5 0.8 0 -0.03010249172 0.5004 0.4237 0 -0.03709313055
0.5 0.8 -0.03474662966 -0.07739075659 0.4473 0.4187 -0.04152709571 -0.1061401102
0.5 0.8 -0.03187275671 -0.03241011597 0.4468 0.4182 -0.05284040429 -0.03861113274
0.5 0.8 0 -0.07191559171 0.4953 0.4236 0 -0.0941306395
0.5 0.8 -0.02943084756 -0.08747411498 0.4468 0.4202 -0.051638017 -0.1103359198
0.5 0.8 0 -0.08290939055 0.4947 0.4216 0 -0.1102395026
0.5 0.8 0 -0.08821049485 0.4978 0.4232 0 -0.1220650004
0.5 0.8 -0.001310922116 -0.1002869688 0.4618 0.4118 -0.03885702697 -0.1307937045
0.5 0.8 0.005929918521 -0.0483414818 0.4541 0.4307 -0.01441148617 -0.06126378637
0.5 0.8 -0.0496576751 -0.08987525859 0.438 0.4106 -0.09022661041 -0.1186951976
0.5 0.8 -0.006829205539 -0.008408105793 0.4734 0.4363 -0.01047596936 -0.01015023977
0.5 0.8 0 -0.07218020804 0.4992 0.4266 0 -0.1002820945
0.5 0.8 0 -0.01198093572 0.4961 0.4094 0 -0.01458868368
0.5 0.8 -0.00109336177 -0.04785158815 0.4932 0.4274 -0.002859063777 -0.05921721549
0.5 0.8 -0.01232228059 -0.03299646532 0.4553 0.4179 -0.01114596633 -0.03786555372
0.5 0.8 0 -0.08070056636 0.4944 0.4182 0 -0.09970112589
0.5 0.8 0 -0.06821621695 0.4963 0.4327 0 -0.09723358566
0.5 0.8 0 -0.1069917014 0.495 0.4158 0 -0.1481246258
0.5 0.8 0 -0.1011449603 0.5012 0.4152 0 -0.1208572909
0.5 0.8 0 -0.02775311978 0.5067 0.4299 0 -0.03170034888
0.5 0.8 0 -0.1152096835 0.4993 0.4127 0 -0.1751533627
0.5 0.8 0 -0.03819330424 0.5005 0.4331 0 -0.04950277599
0.5 0.8 -0.02556137458 -0.077059821 0.4548 0.4243 -0.05421198043 -0.09779990637
0.5 0.8 0 -0.08051986962 0.5024 0.4276 0 -0.1221344203
0.5 0.8 -0.06611407686 -0.0964442388 0.4343 0.4066 -0.09586097602 -0.1196178705
0.5 0.8 0 -0.08104331507 0.5006 0.4152 0 -0.1005839709
0.5 0.8 0 -0.08844148816 0.5014 0.4242 0 -0.1190261197
0.5 0.8 0.01126408278 -0.07145644675 0.4547 0.4244 -0.0113471326 -0.09286323986
0.5 0.8 0 -0.08787763415 0.5002 0.4141 0 -0.1314008231
0.5 0.8 0 -0.0520446217 0.5158 0.4226 0 -0.06649262954
0.5 0.8 0 -0.1177409088 0.495 0.4135 0 -0.1413347611
0.5 0.8 -0.0756558912 -0.09197546164 0.4288 0.411 -0.09860920733 -0.1166604879
0.5 0.8 0 -0.05163811713 0.5046 0.4197 0 -0.05876100211
0.5 0.8 -0.004179112569 -0.07318417428 0.4844 0.4323 -0.008242410037 -0.1150567227
0.5 0.8 0 -0.009116393153 0.4989 0.4234 0 -0.01149613501
0.5 0.8 0 -0.09472976334 0.5037 0.4078 0 -0.1201144654
0.5 0.8 0 -0.1128521723 0.5005 0.4109 0 -0.1477914572
0.5 0.8 0 -0.03090190186 0.5036 0.4241 0 -0.03808049806
0.5 0.8 0 -0.01070372703 0.5041 0.4171 0 -0.01242368015
0.5 0.8 0 -0.08880792774 0.5012 0.4127 0 -0.1228088201
0.5 0.8 -0.05042175173 -0.1537600178 0.4333 0.3957 -0.1015638551 -0.1969132218
0.5 0.8 -0.006950309863 -0.07818105865 0.4765 0.4201 -0.00812450022 -0.09691374016
0.5 0.8 0 -0.05783986797 0.5035 0.4175 0 -0.07344460428
0.5 0.8 -0.0889018152 -0.09472610553 0.4221 0.4084 -0.1294326946 -0.1226597181
0.5 0.8 0 -0.04882162737 0.505 0.4259 0 -0.06068921927
0.5 0.8 0 -0.05799441121 0.4999 0.4161 0 -0.07036227863
0.5 0.8 0.02164850171 -0.05067839497 0.4591 0.4242 0.008774199353 -0.09186173195
0.5 0.8 0 -0.03725893948 0.498 0.4097 0 -0.04528981001
0.5 0.8 0 -0.05684614095 0.4977 0.4371 0 -0.07466403707
0.5 0.8 -0.01495811625 -0.05806675539 0.455 0.4306 -0.03876652495 -0.07742360655
0.5 0.8 -0.01889408891 -0.08495145242 0.4414 0.4152 -0.06925527415 -0.1717086679
0.5 0.8 -0.01178625144 -0.03696520629 0.4695 0.4191 -0.01442260558 -0.04331696404
0.5 0.8 0 -0.05916681176 0.508 0.4058 0 -0.0687483765
0.5 0.8 -0.07491593549 -0.06092350833 0.4264 0.4075 -0.082090181 -0.06588015581
0.5 0.8 0 -0.09031831286 0.5045 0.4188 0 -0.1294671281
0.5 0.8 -0.008509560279 -0.04074248993 0.4754 0.4372 -0.009242442521 -0.05610305367
0.5 0.8 0.0002385351703 -0.09921264943 0.457 0.4183 -0.03964093802 -0.1336233095
0.5 0.8 -0.02376392086 -0.008549854663 0.4516 0.4365 -0.03501536777 -0.01041676888
0.5 0.8 0 -0.03409728414 0.5082 0.4166 0 -0.04522537719
0.5 0.8 0 -0.01165729195 0.4954 0.4202 0 -0.01346112533
0.5 0.8 0 -0.09748506142 0.5001 0.4229 0 -0.134680614
0.5 0.8 -0.02467320039 -0.01307943313 0.4493 0.4093 -0.05005190812 -0.01632090127
0.5 0.8 0 -0.08655247771 0.499 0.4168 0 -0.1199638071
0.5 0.8 -0.02046442745 -0.09603936378 0.4483 0.4156 -0.02915828425 -0.1357124308
0.5 0.8 0 -0.06176268874 0.4948 0.4258 0 -0.1085584826
0.5 0.8 0 -0.009516079277 0.5015 0.4212 0 -0.01089585377
0.5 0.8 0 -0.06991386435 0.503 0.4226 0 -0.08778725478
0.5 0.8 0 -0.009933891885 0.5036 0.4175 0 -0.01202946375
0.5 0.8 0 -0.00879368787 0.5048 0.4316 0 -0.01013148672
0.5 0.8 0 -0.009620411034 0.4985 0.4196 0 -0.01093418751
0.5 0.8 0 -0.06538634183 0.4978 0.4299 0 -0.08734275133
0.5 0.8 0 -0.08831314722 0.5083 0.4227 0 -0.141716173
0.5 0.8 -0.04818504811 -0.09244436723 0.4381 0.4079 -0.06711706412 -0.1055745487
0.5 0.8 -0.06998928717 -0.1242999061 0.4293 0.4034 -0.1025469627 -0.1745127564
0.5 0.8 -0.02084767242 -0.07260136513 0.4562 0.4213 -0.04509098844 -0.08811085591
0.5 0.8 0 -0.05289233227 0.4995 0.4206 0 -0.07509228797
0.5 0.8 0 -0.06868553524 0.497 0.4263 0 -0.09577167359
0.5 0.8 -0.01735341665 -0.03230196964 0.4544 0.4188 -0.05712018728 -0.04271182569
0.5 0.8 0.02410282158 -0.01696508866 0.4653 0.4249 0.001607348579 -0.02035367283
0.5 0.8 -0.01200436944 -0.05165090935 0.4664 0.4226 -0.01867199203 -0.06183072632
0.5 0.8 0.0193480313 -0.05926768381 0.4585 0.4298 0.0004195603055 -0.08164447175
0.5 0.8 0 -0.07945881687 0.5041 0.4218 0 -0.1041444197
0.5 0.8 -0.05836226664 -0.08683452699 0.4386 0.4227 -0.08145730844 -0.1378111264
0.5 0.8 0 -0.03533769743 0.4932 0.453 0 -0.04843889733
0.5 0.8 -0.004256974944 -0.08050303694 0.4531 0.4223 -0.01989370122 -0.1056470943
0.5 0.8 -0.00563665156 -0.06370650156 0.4497 0.4263 -0.06848361362 -0.1415397151
0.5 0.8 0 -0.01013308992 0.4925 0.4233 0 -0.01320813261
0.5 0.8 -0.02582796664 -0.0932428882 0.4443 0.4217 -0.07102763359 -0.1309417953
0.5 0.8 0 -0.07288513061 0.496 0.4209 0 -0.109384191
0.5 0.8 -0.02881799932 -0.1296946994 0.4361 0.4052 -0.08327481572 -0.2075303963
0.5 0.8 0 -0.04163818692 0.5057 0.4335 0 -0.1052306113
